<    11 11 22 33 33 22 11 12  22 11  11 11 22 33 33 22 11 12   >
<    11 11 22 33 33 22 11 12  22 11  11 11 22 33 33 22 11 12   >
<    22 111 222 333 222 111   11 22  22 111 222 333 222 111    >
<    12 1 2 3 w 3 2 W 2 1 22  33 11  12 1 2 3 w 3 2 3 W 1 22   >
<    21 1 2 3 4 m 2 3 4 2 M 1 11 33  21 1 2 3 4 3 2 3 4 2 1 1  >
<    2 3 m 2 M 4 3 2 3 4 2 1  12 3   2w  m 2 W 4 3 2 3 4 2 1   >
<    3 215 2 12 4 215w43 2 2  3 2 1  3 1 3 4 2 14 215w43 2 2   >
<     3 1M  3 w 3 W 3 m 3 1 1 1 3 2   3 1 3 2 3 w 3 W3 m 12 1  >
<    2w 1 4 m 4 w 4 m 4 w 2 1 2 1 3  2w 2 4 4 m 4 w 4  m5 2 1  >
<    3 1 2 3 4 2 4 2 4 2 4 12 3 2 1  3 1 2 3 4  14 2 4 2 4 12  >
<    15 2 4 M 3 1 2 3 2 3 M 5 1 3 2  15 3 4 M 3 4 W 3 4 M 3 1  >
<    14  1 2 1 3 3 1 m 3 3  M 2 1 M  14  1 2 1 3 1 2 m 3  2 m  >
<    25 1 W 4 w 3 W 1 w 4 W 2 4 w 2 1 4 1 3 m 1 2 4  21 m 1 2  >
<    14 3 251 3 251 3 151 3 2 4 1 3  15 3 251 3 251 3 251 3 2  >
<    25  51W 2 51 3 1w1 3 21w 2 3 5  25  51w 2 51 m2 51W 2 1   >
<   25  51 3 2w1 3 2w1 3 21  1 3 1  25  51 3 251 3  w1 3 21 W  >

